304
AB,288,0,35
AE,201,94,0
AT,350,152,0
BJ,305,213,0
CS,201,224,48
GE,172,255,0
AC,235,269,34
AD,345,307,84
BM,211,395,36
LT,158,412,0
AN,168,417,36
GK,160,496,34
IK,285,573,47
EH,319,583,40
AS,241,619,0
AH,333,632,75
CY,220,637,11
BI,238,651,0
IC,253,697,0
AQ,234,710,0
AF,244,712,0
CM,173,918,0
AG,278,1035,64
AK,271,1126,19
CT,160,1154,5
FE,275,1182,134
EP,179,1362,74
EJ,321,1429,119
FT,205,1492,0
BA,166,1502,41
EQ,213,1540,66
AI,293,1547,7
JQ,194,1652,0
AU,154,1725,43
DY,348,1777,0
EI,277,1899,0
AJ,156,1903,0
FN,345,1923,0
AP,325,1949,8
BZ,251,2043,21
CF,300,2044,67
AM,315,2076,26
GD,194,2132,0
GY,270,2138,0
ED,206,2197,78
IM,196,2253,0
BE,327,2348,0
AL,254,2373,3
BK,159,2402,0
AX,265,2649,0
BW,301,2665,113
DA,311,2711,39
CU,177,2790,38
KQ,205,2820,0
DB,216,2922,0
CD,230,3045,0
BH,299,3061,20
AO,317,3063,0
JD,161,3112,0
CV,239,3143,81
HK,272,3331,56
HY,292,3383,0
BU,187,3489,15
AY,187,3498,0
EN,295,3501,0
BN,287,3503,117
DE,207,3528,0
BR,265,3602,103
AR,241,3613,0
CB,280,3647,0
BX,263,3768,128
BP,158,3937,0
JB,191,3964,0
DK,174,4023,22
FX,196,4062,71
CJ,189,4124,0
HA,174,4211,0
BL,347,4217,158
DI,177,4219,0
GO,295,4273,93
AW,235,4292,0
FG,263,4292,0
IU,202,4301,0
LB,276,4481,0
DQ,258,4703,0
GF,221,4703,92
AV,195,4708,42
BG,231,4729,62
DT,317,4781,47
FK,170,4914,0
BC,180,4934,0
BD,260,5011,130
CZ,350,5013,0
FJ,308,5298,89
DM,262,5643,36
CH,248,6039,0
AZ,207,6058,92
CN,321,6178,0
EA,206,6353,59
BF,258,6398,0
DX,331,6406,75
EC,302,6808,0
DP,276,6878,50
DL,256,7031,0
EZ,336,7140,0
CG,303,7351,0
EG,349,7512,0
JW,296,7632,0
CP,181,7739,73
BQ,221,7824,0
DC,155,7827,57
IY,299,7960,0
LQ,176,8041,0
BV,254,8066,0
CR,192,8108,85
CO,229,8213,0
DZ,349,8307,97
JF,172,8307,64
LM,217,8335,0
BT,158,8484,0
MB,272,8528,0
LK,245,8654,0
BY,231,8662,0
CE,295,8743,107
BS,233,8772,107
CX,182,8954,0
BO,248,8982,0
EU,272,9021,55
IR,337,9216,0
KG,248,9290,125
DW,158,9377,8
KW,349,9435,93
LA,166,9580,0
GJ,192,9774,0
CI,262,9835,27
KY,309,9879,137
IE,188,9883,0
KD,321,10258,0
JL,181,10431,38
HX,199,10474,0
CA,200,10524,11
FH,204,10669,0
KN,278,10712,18
JX,225,10994,0
LJ,310,11287,48
DJ,233,11302,104
DF,248,11406,0
JE,257,11427,0
FU,268,11490,106
CL,200,11675,0
CK,187,11726,0
IO,224,11981,0
EF,254,12005,0
IZ,343,12617,78
DN,153,12718,45
IX,305,12888,73
EO,153,13226,0
ES,177,13297,0
DH,160,13686,0
DR,190,14093,0
FV,247,14239,121
CW,336,14792,0
DG,164,14823,38
LU,300,14920,89
LS,326,15072,39
FO,346,15283,0
CQ,216,15440,86
HP,166,15527,6
LR,180,15760,0
KP,293,15772,111
HC,197,15858,0
ET,302,16762,117
KV,253,17163,92
KS,253,17211,54
FP,163,17576,33
LG,294,17661,53
DU,318,17895,0
FA,211,18092,3
DV,178,18148,89
DS,201,18249,61
JT,173,18303,16
HF,207,18509,0
EM,230,18618,16
FY,297,18836,11
KF,239,19032,106
FZ,285,19129,0
FS,251,19534,0
KE,170,19764,30
FL,156,20347,28
EL,255,20378,48
DO,180,20447,75
FB,216,20829,0
KZ,281,20935,39
IQ,161,21112,65
JY,180,21416,0
LP,192,21547,0
GU,328,21757,0
GC,312,21801,0
FI,224,22404,0
FM,173,22470,83
EK,253,22805,31
EX,350,22818,170
ER,209,22830,0
EB,239,23065,91
HQ,309,24150,0
GW,218,24756,0
GL,174,25027,35
EY,278,25516,48
KM,241,26097,0
HO,250,26129,111
HG,276,26305,112
JH,210,26481,0
HW,157,27087,22
HR,186,27259,88
EW,326,27281,136
GN,247,27626,21
EV,154,27656,46
IA,252,27817,0
HU,296,28023,19
GR,225,28110,29
JZ,159,28154,0
JO,261,28282,0
FQ,236,28346,71
IB,307,28433,134
KX,303,28446,0
GX,178,28449,81
GI,310,29032,150
KH,307,29445,5
IG,192,29521,0
GS,335,29559,105
HL,301,29560,72
GB,203,29895,86
FD,341,29913,138
FC,245,30080,0
GM,245,30343,84
LC,288,30842,32
HD,331,30912,88
JR,179,31000,0
HB,196,31085,0
HJ,346,31292,0
JC,237,31745,0
HM,152,32048,0
FR,309,32432,75
JK,218,33292,51
GP,221,33408,18
GV,278,33823,0
LF,311,34424,5
JI,228,34732,65
KA,150,34746,26
GQ,335,34787,0
KT,266,34873,131
HT,206,34970,90
GA,230,35100,60
GZ,311,35185,0
FW,237,35204,32
GH,315,35358,83
IL,306,35394,12
HS,169,35452,24
LX,228,36185,66
HN,322,37247,0
IF,227,37472,91
HI,350,37751,24
JU,172,38221,0
JS,289,39021,0
GT,266,39137,127
HV,238,39311,0
LO,174,39701,1
JM,299,39777,0
LH,175,40355,0
ID,342,40438,0
KR,222,41314,14
KJ,275,41576,0
LD,336,41660,51
HE,344,42132,0
IW,278,42489,18
IJ,214,44444,6
IV,210,44638,0
MD,278,44779,0
JA,162,45115,0
KI,180,45345,14
KL,225,45602,0
IS,312,46697,0
IP,337,47347,0
HZ,315,47575,0
KC,212,48675,0
LE,207,49244,42
IN,216,49494,0
IH,280,50862,0
JP,231,51243,34
JV,297,51755,0
IT,164,53234,0
KO,242,53844,3
KB,348,54553,0
LV,344,55541,68
MC,310,55761,132
JN,270,56569,12
JG,328,56616,164
LI,290,57076,86
KU,220,59529,0
MA,251,61223,0
LN,187,61294,40
LY,338,61831,0
LZ,196,62877,83
LW,247,69262,0
