282
AB,329,0,151
AQ,230,6,101
AR,272,19,27
KH,304,40,89
AC,327,63,0
AH,262,93,74
HY,191,172,23
BN,305,214,0
AE,261,240,16
AN,234,288,56
KY,154,331,64
AF,241,336,42
AD,249,337,105
AO,185,386,0
CN,187,400,49
CR,187,448,3
FI,278,672,0
AM,214,716,89
AI,297,742,0
AL,185,742,56
IW,283,1012,125
BK,221,1156,62
EZ,323,1172,0
AG,265,1246,24
CA,292,1283,78
DP,268,1354,0
AK,248,1432,32
CK,226,1577,0
BE,195,1676,0
DN,321,1697,0
AP,250,1700,0
AV,185,1702,0
AX,274,1730,25
AT,254,1747,47
CD,261,1793,28
AU,290,1841,0
AJ,346,2032,22
GK,229,2162,88
BG,203,2323,0
FL,215,2341,83
FJ,301,2562,0
FS,221,2635,10
EG,153,2763,0
BC,225,2892,105
JT,249,2961,0
BH,257,3017,22
JS,258,3176,0
EU,307,3201,36
DK,211,3308,0
BT,285,3349,0
AW,241,3577,0
GP,193,3676,0
HQ,183,3717,49
CB,241,3718,52
EL,199,3841,0
AS,341,3893,105
CF,172,3910,39
BS,274,3916,0
BV,178,3985,0
FD,180,4070,44
IQ,232,4169,5
FN,166,4234,0
BI,184,4391,71
CP,196,4395,35
CW,172,4444,0
GI,319,4642,114
AY,172,4660,0
KN,257,4936,48
BD,157,4947,66
CQ,209,4983,34
GY,321,4987,0
KB,224,5038,0
FB,336,5065,158
BL,175,5107,30
JU,312,5121,70
CL,299,5203,81
FK,284,5264,0
GE,345,5303,0
GX,339,5330,56
EM,313,5379,0
EB,187,5567,0
AZ,280,5571,0
BO,234,5708,0
CG,197,5915,11
BA,151,6103,1
LC,160,6141,22
DU,224,6196,0
DF,316,6226,136
BX,208,6251,92
HO,339,6278,18
BF,166,6328,0
EP,288,6392,54
CT,199,6400,0
BQ,302,6599,8
DM,322,6607,0
CH,175,6757,13
GC,243,6829,0
KP,326,6876,110
IE,316,6978,6
IN,182,7098,0
CY,299,7102,0
EF,261,7128,0
GJ,249,7255,0
DB,181,7388,2
BJ,347,7465,0
HM,310,7509,55
JE,239,7581,100
BR,171,7601,20
ES,334,7761,102
BU,299,7790,25
BM,305,7803,0
FX,288,7929,0
DE,213,7992,4
CS,296,8008,131
DW,350,8114,91
HC,168,8231,0
FC,320,8252,0
CM,254,8256,77
BZ,265,8343,0
DH,150,8579,0
DS,158,8620,0
DX,246,8751,0
BW,284,8829,0
BP,310,9316,14
DI,268,9512,0
HD,220,9599,0
BY,291,9908,40
CU,326,9952,0
ID,198,10008,0
EQ,340,10531,153
JQ,336,10659,0
GZ,231,10750,0
FY,276,10860,121
EO,245,11273,0
DC,209,11392,34
CI,228,11642,0
CE,292,11663,0
FU,345,11784,0
CJ,193,11860,47
KA,256,11922,6
IO,265,12040,79
FA,292,12089,117
FV,157,12998,0
DG,280,13288,0
GT,181,13450,84
CX,310,13648,0
EN,252,13772,46
DY,248,14750,0
CO,263,15103,0
DL,250,15575,53
DQ,318,16000,143
HG,163,16074,0
FZ,261,16144,0
GB,346,16297,101
KI,233,16450,85
DJ,302,16497,104
HE,248,16688,50
CV,319,16886,0
JW,274,16979,136
KW,319,17314,0
CZ,279,17391,115
DT,200,17531,0
FM,184,17597,0
DA,274,17703,52
GN,163,17703,63
IB,211,17917,0
EX,200,17927,76
IU,239,18154,0
EY,204,18165,0
EH,280,18303,0
EA,261,18459,0
FG,180,18476,66
GH,331,18606,58
JI,196,18820,0
FH,156,19250,0
HR,228,19325,52
DO,224,19453,50
FW,243,19456,5
EK,193,19872,0
GQ,289,19962,0
JZ,316,19998,44
EC,293,20105,0
DV,261,20286,0
HZ,344,20304,52
DZ,163,20382,0
IH,259,20475,0
LA,304,20542,129
GA,174,20757,0
DR,152,20950,61
KL,199,20973,0
EJ,304,21016,105
GS,298,21222,127
KC,293,21242,103
IT,253,21460,0
ED,204,21670,0
IG,248,22245,0
EI,293,22367,42
ET,286,23217,0
IL,190,23342,24
LG,242,23655,0
KX,224,23829,0
ER,344,23923,173
IF,271,25066,0
JN,323,25082,0
EW,294,25770,148
IK,336,26525,42
HU,257,26592,0
IJ,204,26671,1
JP,281,26791,11
KV,231,27097,25
HA,234,27101,0
GU,282,27612,49
KG,216,28084,0
GD,155,28373,77
JM,175,28474,0
IV,214,28656,92
LD,205,28799,25
JC,203,29172,0
EV,179,29279,59
IZ,273,30059,0
HS,182,30790,9
KD,239,31305,13
FQ,276,31460,0
JA,304,31674,50
IS,268,32009,0
FO,159,32042,0
FP,242,32068,0
IP,188,32098,0
FE,342,32146,97
IY,292,32684,0
FR,201,32927,13
GM,264,33134,76
LE,179,33400,35
KO,247,33679,0
IX,166,33716,0
GW,187,33798,0
JL,185,33836,0
HI,166,34475,3
FT,300,34484,63
KE,155,36225,0
GF,208,36540,30
HB,277,36548,0
GR,283,36583,106
GV,255,36720,0
GO,273,38433,0
JX,301,38966,0
HW,226,39053,0
GL,187,39232,0
HF,316,39783,83
HP,232,39878,0
HL,320,39987,115
JB,197,40106,0
HK,157,40649,44
HJ,265,41766,49
IC,206,41852,0
IM,212,41986,0
HN,310,42263,145
IA,177,43397,0
HT,204,44238,39
JV,312,44412,0
IR,347,44585,67
KQ,184,44671,0
HX,241,45059,41
JK,283,45140,63
JH,225,45367,0
JG,341,46362,77
HV,227,46791,100
JR,337,47337,0
JF,189,48381,0
JY,247,48731,0
KJ,248,48993,0
KR,259,49287,0
KU,340,50094,0
JO,271,50580,0
KS,199,50661,0
JD,184,52378,0
KZ,257,52384,81
KF,283,53551,0
KT,193,53632,16
LF,311,54099,0
KM,233,59896,0
LB,156,60881,0
