305
AB,152,0,66
AC,321,67,128
AD,341,116,0
JE,334,132,148
AQ,333,193,0
AG,326,333,140
FI,337,341,48
AP,165,348,0
BJ,244,416,42
EP,155,447,77
AH,304,676,137
AE,197,728,0
EJ,250,855,0
AF,309,868,0
CD,226,928,0
AS,327,961,0
BX,188,983,0
CP,295,1001,0
AK,211,1072,75
AM,257,1124,0
AL,301,1142,0
BN,223,1217,0
BS,348,1217,167
HM,348,1262,0
JX,336,1279,0
DF,207,1292,0
LE,211,1325,0
BL,294,1359,30
GO,252,1450,44
BT,230,1577,0
AN,274,1689,0
AJ,152,1733,0
GT,218,1789,0
AV,289,1833,0
AI,269,1880,8
HP,268,2223,0
AO,312,2273,53
KL,330,2301,0
KJ,192,2397,97
EH,207,2465,97
EB,276,2510,133
DT,273,2787,0
BI,276,2790,95
CT,172,2849,0
AZ,179,2998,0
KF,264,3056,0
AU,344,3079,0
BF,231,3120,78
LN,273,3240,0
CI,299,3281,60
BC,233,3307,3
CA,268,3317,0
AW,241,3475,0
JP,151,3703,72
BA,202,3744,26
DV,308,3773,75
DB,346,3817,0
BK,316,3932,35
CK,297,4104,0
AT,334,4133,24
BE,192,4190,10
AR,212,4191,0
DA,224,4208,0
AY,159,4430,0
ES,333,4486,0
AX,232,4490,0
BV,173,4904,63
DN,281,5048,0
BP,326,5127,0
DK,242,5170,0
DY,350,5206,0
BD,183,5209,63
DH,158,5333,0
BG,260,5407,119
DC,156,5420,0
BO,309,5652,0
JT,190,5671,0
IP,222,5889,23
IJ,163,5930,2
CE,336,5937,0
FA,213,5983,0
BQ,339,6012,0
GY,172,6076,83
EN,157,6159,27
HC,326,6487,54
CW,167,6623,0
DE,328,6678,0
GE,281,6778,0
EI,341,6847,0
FB,226,7061,0
DO,321,7109,0
DU,317,7132,0
HZ,153,7356,9
GI,289,7388,55
BR,165,7424,0
HK,289,7438,0
FM,204,7492,101
BH,328,7508,91
JF,180,7601,16
CR,184,7755,0
CO,240,7834,75
DX,178,7837,0
GC,159,7984,46
HS,331,8133,47
DZ,345,8159,68
IW,292,8171,0
BM,226,8420,113
FY,172,8537,0
HX,261,8547,88
IX,162,9078,42
EQ,305,9205,153
JR,311,9635,63
DS,163,9843,0
CS,233,9911,2
CU,202,9915,0
GZ,185,9973,20
BU,306,10308,0
BZ,271,10332,68
DW,159,10520,0
CJ,224,10551,0
JU,290,10710,0
BY,160,10892,0
JL,227,11302,112
LH,235,11343,66
GQ,216,11498,65
BW,225,11641,41
CN,242,11770,0
CF,194,11853,0
CB,281,11970,0
EA,301,12054,8
CH,152,12071,0
CG,193,12088,37
HO,219,12374,105
KD,153,12380,2
DJ,298,12446,78
FQ,251,12616,0
HG,299,12692,8
DP,232,12863,0
ER,251,13015,0
CL,195,13061,0
FC,342,13311,137
KV,278,13495,70
FP,288,13512,51
EZ,293,13790,0
EO,165,13910,60
JM,275,13951,48
IT,313,13976,44
CY,268,14008,23
FN,156,14075,67
JZ,290,14090,118
DR,209,14124,63
CX,303,14169,0
DQ,174,14492,0
CM,291,14764,0
IF,291,14939,0
FZ,252,14941,0
GX,152,15130,0
FX,250,15131,99
ID,197,15350,87
FO,192,15414,64
CQ,222,15677,12
FD,349,16086,74
EU,157,16159,0
CZ,197,16173,0
EX,298,16235,0
EK,319,16300,0
LB,205,16384,85
CV,217,16460,61
FT,255,16733,94
FS,158,16914,0
KY,345,17350,0
FW,272,17416,0
GF,341,17652,21
GP,236,17669,45
IO,160,17732,72
FE,328,17750,0
LQ,199,17826,56
DI,292,17859,0
GU,224,17871,36
IY,246,17951,122
IG,258,18251,24
LU,269,18325,0
IC,319,18649,150
DL,179,18752,0
DM,323,18865,0
LI,237,19220,0
HV,234,19246,0
DG,224,19400,72
JG,169,19706,33
GD,281,19785,0
KO,334,19953,105
IB,219,20056,75
GL,176,20114,4
FU,282,20394,108
FL,241,20733,0
LT,252,20885,0
HF,298,21288,6
FJ,186,21300,0
EL,173,21375,0
EY,220,21494,0
GA,267,21818,44
JS,194,21910,0
IM,317,22140,104
EV,340,22321,134
JA,171,22390,0
ET,205,22610,8
KP,325,23068,89
LV,277,23162,0
EG,241,23182,20
HT,302,23291,73
ED,164,23447,59
HE,286,24094,0
KZ,165,24366,23
FK,325,24499,71
GM,200,24579,0
EF,238,24613,0
GJ,329,24854,0
GR,213,24888,100
JH,215,25023,0
EC,271,25229,89
EM,230,25249,109
HU,306,25375,148
KX,160,25405,43
EW,152,25603,0
MD,209,25775,0
MC,218,25888,0
JW,307,26810,106
IE,180,26823,0
KA,166,26861,52
HL,198,26991,97
GK,168,27136,16
MA,317,27212,9
LW,236,27249,0
HQ,326,27523,0
GW,255,27786,0
JY,288,28205,53
LR,209,28455,17
FG,309,28680,0
GH,244,28797,0
GB,297,28984,103
IA,315,29283,0
LA,251,29591,0
LX,159,30549,0
FH,212,30678,77
JC,284,30719,0
HB,300,30905,33
IZ,332,30956,0
JV,253,31658,0
JN,211,32574,38
GS,209,32756,12
HY,193,32800,0
KM,219,33069,77
LF,268,33804,0
GN,172,33842,0
FV,220,33899,95
KG,274,34090,0
JD,322,34192,19
HA,206,34253,103
HN,220,34582,72
HD,249,34758,0
FR,211,34857,0
IU,322,35053,92
KT,242,36199,0
IK,269,36450,0
GV,236,37132,87
HR,274,37382,86
JI,176,38176,0
HI,349,39620,0
KH,285,41386,112
IV,253,43151,74
KN,189,44065,63
JO,293,44216,118
HJ,254,44759,9
IL,182,44766,82
IH,325,44794,0
LM,182,44905,0
LC,215,45260,0
IQ,310,46243,0
IR,230,46768,100
LO,334,46944,0
JB,336,47772,0
LK,272,48247,0
IN,169,48343,0
HW,171,48619,46
KE,343,49103,0
JK,165,49692,47
LG,337,49951,0
KC,177,50366,0
IS,188,51588,0
KR,237,51769,57
KI,342,52925,0
LP,252,53502,0
KB,344,54085,0
KS,184,55976,51
LD,245,58104,0
JQ,293,58153,0
MB,202,58428,0
LJ,219,60946,96
LY,333,61805,0
KQ,165,62229,35
KW,277,62472,1
KU,347,66824,0
LS,188,69833,90
ME,311,70438,0
LZ,151,71200,19
