289
AB,232,0,35
AE,153,140,48
AC,325,178,25
AG,191,209,0
IS,299,270,0
AD,286,360,0
AO,340,485,0
AF,349,496,88
AR,203,533,0
AK,179,537,0
CT,289,579,0
AY,343,790,0
BJ,335,808,0
AU,200,883,0
AS,258,915,0
DG,165,922,0
AQ,326,928,33
AJ,256,943,0
AW,270,974,12
AH,189,1030,0
LD,235,1032,0
CW,159,1076,0
BV,198,1140,87
BC,173,1192,75
AN,331,1247,0
CQ,344,1253,120
GU,207,1358,0
BI,222,1407,0
AL,272,1426,93
AI,198,1628,0
CM,157,1631,0
AZ,304,1682,0
IV,234,1701,88
BL,262,1758,0
BH,285,1777,0
GJ,327,1792,0
BP,269,1807,0
AM,185,1810,23
DK,239,1849,0
DM,171,2146,15
GD,254,2220,21
FV,315,2281,0
BZ,180,2348,52
AX,166,2471,0
IL,276,2673,92
HW,293,2695,0
CB,339,2764,0
AP,182,2843,0
JA,234,2873,42
BD,239,2885,0
BW,244,2937,0
DT,296,3202,26
CD,243,3261,26
FQ,300,3665,137
BN,281,3728,29
CU,260,3903,116
AT,154,3967,6
CK,181,4107,64
FH,226,4166,47
AV,318,4206,0
CG,277,4563,103
CI,280,4569,0
JE,340,4634,24
BS,248,4646,77
BF,279,4671,0
KA,291,5015,0
IT,256,5035,0
BT,338,5111,58
DC,293,5121,0
BO,344,5149,0
FB,201,5221,18
IY,157,5312,62
BR,171,5375,15
BA,197,5493,4
FG,164,5500,78
GS,200,5531,48
DN,236,5563,0
BQ,276,5918,11
FI,321,5918,36
BM,240,6219,28
CO,195,6269,20
EX,188,6288,0
BE,278,6396,0
EP,283,6574,119
CE,302,6623,0
ET,312,6670,69
BU,291,6672,110
BG,175,6714,0
IX,301,6951,40
DY,287,7014,68
KB,281,7053,106
BY,251,7177,0
GN,171,7263,0
FJ,210,7335,0
IN,276,7372,0
FR,245,7403,70
CJ,346,7448,0
IA,216,7657,6
DL,213,7688,76
BK,279,7777,48
CH,241,7795,63
EW,253,7814,0
EQ,187,7876,0
LI,332,7956,0
IW,324,7994,96
FY,325,7998,0
FL,210,8013,43
BX,322,8055,0
CN,167,8161,0
FC,157,8467,71
HF,247,8532,110
CS,279,8574,139
DE,250,8630,76
HY,269,8645,0
DQ,257,8736,0
GQ,272,8749,45
FT,221,9496,61
CR,201,9619,63
CA,327,9675,0
IG,198,9740,0
DZ,162,9742,29
GZ,216,9781,0
DW,307,9814,112
EG,316,9890,111
CX,292,9930,0
CP,227,10190,0
CL,209,10295,0
ES,255,10441,0
DO,287,10686,0
EC,301,11037,18
GX,217,11059,0
HX,216,11132,44
HA,244,11149,0
DI,156,11182,13
KX,198,11284,99
DJ,259,11309,106
EF,203,11380,0
FO,177,11478,0
DF,246,11559,42
HJ,257,11820,38
IH,208,12002,0
DH,182,12006,75
GK,314,12041,35
CV,230,12331,59
DS,231,12377,42
CZ,229,12749,98
EI,256,13182,117
HD,207,13313,0
CF,209,13731,93
KL,197,13832,0
CY,275,14112,0
FN,258,14287,0
JU,323,14695,0
KZ,155,15264,0
DR,328,15391,0
GB,343,15431,54
FW,326,15707,142
FE,334,15920,0
DV,236,16276,22
DX,201,16284,0
EL,297,16357,0
KS,172,16395,0
FK,283,16502,24
HU,151,16623,39
JF,252,16722,0
GA,250,16746,12
IJ,270,17054,0
GH,191,17102,0
ED,295,17401,110
HE,350,17445,127
EN,313,17456,145
DB,291,17674,122
EH,319,17693,52
EZ,274,18344,109
IC,260,18541,68
JD,314,18543,15
IP,202,18619,0
DA,178,18640,85
EB,333,18946,0
HK,157,19018,31
KY,268,19420,109
JL,180,19565,56
JX,272,19686,0
GM,310,20024,148
FX,248,20268,116
ID,282,20513,43
EO,336,20537,0
EK,154,20573,0
FD,195,21112,0
LN,155,21146,25
EU,223,21169,0
DP,267,21553,132
HS,163,21814,0
DU,326,22122,0
ER,341,22456,112
EV,215,22506,0
KP,153,22509,59
IO,181,22911,0
HT,270,23219,0
JN,183,23530,0
FU,333,24100,6
EA,309,24342,0
KU,154,24670,0
KT,153,25008,0
EJ,321,25016,0
FZ,263,25458,0
JI,191,25460,37
FM,299,25555,0
GT,196,25788,74
EY,212,26117,60
GL,150,26257,0
GP,302,26890,116
EM,319,26997,69
KH,171,27279,41
GI,240,27582,59
GF,235,27680,0
JR,343,27691,158
JZ,283,28031,13
JS,197,28449,12
GC,191,28760,83
FP,220,28801,33
JP,275,29192,122
HL,308,29555,0
FA,315,29676,0
GW,172,30305,0
KC,174,30451,46
IK,330,30614,30
JW,224,30685,11
HN,152,30728,0
FS,258,31120,0
KW,316,31690,138
GE,349,32223,106
HC,322,32384,0
IU,346,32644,0
IB,182,32716,47
KE,346,32993,0
JO,244,33597,0
JT,160,33642,60
GO,213,33840,0
HB,153,34461,59
JV,276,34555,0
KN,261,35020,0
IF,188,36416,7
HR,174,36503,0
IM,331,36756,118
JQ,218,36900,12
LF,338,38112,0
HM,244,38201,11
KD,215,38375,0
IR,319,38382,0
LC,201,38644,7
GR,325,38864,73
HQ,258,39137,19
HG,202,39327,0
GY,252,40501,77
IZ,266,41179,2
LJ,258,41399,0
GV,292,42408,0
HV,251,43991,17
HI,222,44380,0
JY,182,44847,32
LO,270,45068,60
HO,232,45417,88
LM,276,45451,112
HZ,231,46547,19
HP,204,46749,91
KR,308,47281,78
KI,300,47454,116
JB,337,48124,0
IE,230,48291,98
KF,179,48530,23
KM,170,48957,14
IQ,193,49147,73
JK,315,49319,0
JG,211,50520,12
KO,151,51764,0
LG,274,52386,132
JM,338,52845,155
KJ,309,52942,88
KQ,327,53096,78
LK,218,54675,15
KG,196,55240,6
JH,155,55859,0
JC,204,56575,0
LE,311,56595,127
LA,189,58361,61
LB,155,58918,0
KV,203,63060,0
LH,301,63950,0
