294
AB,289,0,0
AJ,244,85,104
GD,207,200,46
EC,285,228,73
AC,316,243,73
CD,264,325,89
CS,309,349,0
BK,171,351,0
AD,325,396,61
DH,152,440,10
IC,287,481,69
AE,324,502,89
AM,252,512,27
AI,249,526,0
AH,186,587,0
AK,226,589,0
BX,343,645,0
DB,179,753,0
JP,194,869,0
AW,270,890,77
AF,312,931,40
CR,235,1028,0
BO,228,1081,80
AG,266,1098,58
GV,232,1111,0
BE,346,1276,148
CE,236,1392,9
BD,320,1411,145
BA,260,1477,7
AP,268,1489,84
IP,280,1560,4
BJ,323,1590,0
AT,295,1594,119
JS,218,1599,25
DP,203,1638,0
AL,267,1680,0
BC,327,1691,146
AN,253,1724,59
AS,212,1777,0
AY,201,1779,71
AO,337,1852,100
JN,246,1959,0
EG,337,1979,21
IV,150,2044,0
EF,165,2057,45
LC,156,2125,0
BH,212,2139,41
CF,195,2210,87
HA,344,2263,83
HX,300,2359,0
BW,319,2402,25
CG,250,2449,0
BN,340,2467,0
HW,167,2629,0
DM,340,2659,0
BS,188,2674,16
DA,265,2778,131
HQ,272,2778,0
DG,349,2863,0
BQ,236,2870,39
DN,173,3001,0
EZ,205,3107,0
AV,204,3218,0
CH,321,3229,75
AQ,320,3267,0
AU,290,3344,79
DC,345,3507,0
IN,268,3563,0
HC,280,3660,0
HO,211,3703,0
GC,243,3868,32
GJ,225,3969,0
DK,306,3996,0
DW,329,4063,0
BV,326,4086,0
JQ,318,4129,73
HD,277,4186,0
JM,205,4270,87
AR,335,4341,0
DL,330,4545,0
CM,281,4591,0
ET,189,4655,54
DV,217,4715,0
LQ,247,5068,98
AX,348,5108,14
ED,343,5284,0
DY,208,5322,82
AZ,190,5403,67
BL,163,5431,0
JH,178,5642,0
DU,170,5762,0
DE,169,5803,9
BM,230,5844,0
HL,290,5863,0
DT,263,6059,0
DX,198,6129,97
DR,271,6465,48
BF,350,6560,0
BG,188,6738,60
FH,240,6947,0
IK,249,6994,0
IJ,197,7385,0
BY,247,7746,62
CO,163,7825,34
EB,259,8223,62
FN,303,8482,88
CY,238,8571,0
EL,295,8599,116
BI,306,8693,0
CV,327,8856,86
BU,293,9049,72
BR,175,9205,0
CZ,275,9228,22
LE,197,9350,0
EA,313,9352,0
CB,299,9370,0
DS,270,9439,0
BP,230,9559,61
DZ,301,9722,130
FY,248,9722,11
EN,277,9838,81
CJ,240,9876,3
HE,185,9933,0
BT,286,10130,41
FL,228,10394,81
HM,264,10424,0
CN,275,10438,0
IY,295,10452,0
FG,261,10474,16
DQ,249,10499,0
HF,283,10707,0
KA,289,10741,96
LS,173,10874,0
CX,331,11210,0
CA,300,11274,113
JG,271,11441,0
GZ,251,11665,79
IQ,205,11856,27
EW,252,11983,0
LT,335,12321,98
GI,315,12333,0
CU,270,12452,10
CT,227,12473,0
EV,231,12499,0
JA,315,12503,96
BZ,193,12568,0
LB,288,12659,0
FU,234,12738,0
LO,287,12845,90
CI,332,12988,0
KQ,283,13607,0
FR,213,13726,89
IB,251,13944,0
CL,243,13946,25
IM,322,14047,93
KY,279,14129,37
CP,264,14186,11
CK,309,14598,44
KP,257,14664,0
FV,232,15002,0
CQ,219,15010,0
ES,253,15192,58
HR,206,15247,0
FA,250,15475,0
LD,225,15869,0
IO,295,16536,0
KH,304,16593,0
CW,243,16796,53
HN,345,17088,0
GM,226,17104,0
GF,350,17875,125
IW,152,17972,0
GB,347,18101,0
FD,227,18197,0
KN,296,18287,0
JB,169,18348,84
DF,189,18740,0
HU,280,18981,7
DI,189,19095,81
EP,208,19242,0
EJ,231,19272,90
GN,186,19405,0
EY,188,19429,0
JC,155,19494,0
JD,180,19795,0
EK,324,19841,0
FS,209,20482,101
GX,186,20661,71
GW,163,21399,48
IF,200,21434,51
KR,215,21587,0
DJ,234,21788,0
EI,340,22102,0
FB,219,22106,0
KM,303,22390,0
DO,260,22465,0
KL,160,22508,0
EQ,160,22638,53
KE,269,22769,38
HG,173,23613,44
KG,254,23614,23
JY,223,23857,0
JZ,303,24071,121
IZ,163,24120,0
IA,298,24124,0
EM,241,24320,48
EO,289,24411,0
FO,335,24468,0
ID,292,24530,41
KX,327,24684,0
EH,322,25048,4
IS,267,25608,0
EX,261,25931,0
HJ,276,26251,0
HI,170,27042,9
FK,205,27285,2
HK,284,27286,40
LI,245,27321,55
GO,157,27618,0
GL,246,27721,0
FM,229,28114,0
JO,277,28343,106
EU,156,28618,0
ER,269,28835,84
GR,302,29107,28
IX,227,29167,94
IH,157,29199,27
FQ,154,29299,54
GA,167,29457,25
KJ,269,29541,0
GS,220,29880,26
JE,217,29945,0
GP,244,30470,0
FP,244,31032,0
FI,232,31241,19
JR,334,31402,0
IT,275,31468,64
GE,308,31624,0
FE,198,31885,56
JW,329,32016,0
FW,213,32020,3
FZ,285,32174,69
FC,155,32592,21
HS,185,32806,42
GK,284,33038,64
FX,230,33486,0
FJ,210,33997,103
KB,335,36111,0
FT,221,36372,74
HB,294,37259,0
KD,194,38024,48
HY,208,38190,1
GU,191,38435,0
LH,328,39349,100
GH,230,39634,0
GT,330,39750,73
KZ,168,40180,0
IU,169,40394,0
GQ,264,41018,41
GY,156,41214,42
HT,249,41571,3
JF,180,41727,0
LM,277,41894,8
HP,163,42133,0
JU,150,42610,0
IG,180,42628,58
KS,325,43895,30
JT,210,45198,104
JL,337,45337,0
HZ,239,45994,0
KV,297,46023,28
JK,155,46063,9
HV,321,46841,141
LG,258,46860,3
IR,277,47182,84
KC,232,48181,53
KT,233,48932,67
KF,322,49260,139
IE,201,49425,43
IL,201,49791,89
KU,318,51485,0
KO,327,51950,0
LA,343,53230,54
JV,294,54748,144
JX,333,55604,0
JI,266,57002,70
LF,214,59323,0
KW,207,59461,0
KI,235,60602,83
LN,215,62075,97
LR,172,62242,70
LJ,308,62710,0
LP,325,64265,0
LK,323,64400,0
