345
AB,299,0,0
BZ,228,29,0
EV,272,48,0
AT,213,52,0
AD,161,62,0
AS,206,122,0
AN,305,125,0
AC,327,233,0
AE,257,394,3
AF,261,429,0
CE,205,453,102
BC,220,539,0
AR,345,540,43
AY,167,716,76
AH,344,719,172
AL,234,727,24
AP,236,807,33
KY,170,856,67
AI,236,877,0
BG,310,909,139
AG,292,967,0
GS,181,1190,0
FQ,350,1197,164
BF,247,1210,0
LH,192,1317,29
CR,238,1323,0
AJ,250,1389,84
AZ,253,1622,64
JE,330,1627,0
DR,305,1669,44
BW,265,1694,0
NK,225,1716,8
GZ,330,1823,0
BL,190,1857,40
GI,311,1922,75
MW,279,2032,0
CM,292,2139,0
CQ,274,2181,0
FI,299,2195,0
DP,342,2221,0
BT,328,2328,107
BP,178,2332,0
AK,333,2424,0
BJ,200,2475,0
KQ,293,2483,31
BH,299,2522,0
HP,254,2539,0
AW,201,2560,0
LK,171,2753,3
BV,328,2763,0
AM,271,2834,16
AU,228,2874,0
CV,314,2914,0
DB,244,2930,0
BR,171,3055,36
BX,213,3058,0
AX,308,3102,0
AQ,221,3169,0
BS,188,3235,1
EG,266,3249,0
AO,246,3295,0
BI,345,3380,0
BK,151,3468,0
FU,296,3495,0
KJ,253,3495,94
IR,317,3523,118
DH,202,3524,0
IK,346,3540,67
HO,214,3682,48
IL,278,3717,0
CA,221,3756,92
EZ,233,3760,0
BU,275,3854,0
KH,200,3899,0
LG,213,4006,0
FM,219,4196,89
AV,161,4315,0
CL,209,4356,0
CZ,211,4409,96
KV,160,4425,0
BA,254,4438,68
CN,199,4482,31
DN,169,4752,66
BD,178,4876,0
JP,179,4953,0
CP,173,5045,0
CJ,314,5428,116
BQ,158,5495,2
DL,278,5702,0
BM,184,5763,90
FO,265,5776,125
FX,298,5925,0
CF,254,6097,51
FL,346,6206,32
BE,273,6264,0
EA,168,6433,8
FB,298,6558,0
DU,155,6585,0
KT,237,6697,0
DX,333,6797,0
MP,192,7108,0
JU,280,7299,124
EP,240,7401,0
JM,335,7528,0
ML,290,7688,0
HU,219,7701,50
FJ,160,7707,0
JT,333,7709,0
GV,294,7854,95
HK,343,7889,0
FG,308,7977,97
NE,181,7982,52
BN,189,8304,0
CI,213,8326,41
IW,285,8429,131
EF,236,8602,0
DI,205,8715,53
DJ,302,8736,0
EQ,217,8781,0
GK,229,8788,0
NU,221,8979,0
CD,221,9016,0
ED,180,9058,0
IP,304,9058,141
BO,348,9137,0
GY,254,9283,0
DY,320,9457,0
CT,175,9526,0
KL,309,9550,79
LA,349,9750,64
DS,305,9971,37
MO,344,9994,9
HI,270,10122,76
LI,155,10194,26
LC,213,10328,0
CH,335,10385,0
EH,225,10468,101
CB,280,10493,28
LX,210,10803,92
DV,258,11053,27
IO,184,11201,11
CO,155,11377,61
IG,172,11596,0
HQ,192,11723,97
BY,303,11790,85
DF,240,11845,77
CG,155,11919,0
DT,156,12132,0
GR,204,12228,21
FY,309,12268,0
FV,172,12454,74
ET,164,12881,0
CY,302,12937,0
DE,271,12980,0
GD,294,13025,0
IJ,227,13171,19
DQ,187,13287,12
CX,231,13481,0
JK,254,13494,0
JH,167,13610,46
DA,286,13707,0
JF,195,13772,58
MY,294,13805,0
CU,343,13934,0
CK,248,14500,0
EW,309,14563,16
LQ,249,14729,0
DK,164,14767,77
GJ,234,15209,0
FK,272,15354,0
EN,179,15399,77
DM,305,15545,129
DC,269,15626,0
NG,253,15652,0
LD,322,15749,0
GL,223,15787,0
IA,328,16036,126
CS,304,16100,73
KM,244,16112,77
GF,207,16210,17
DG,152,16809,67
DO,278,16919,0
FC,172,17065,66
CW,188,17302,19
JV,175,17443,0
GU,307,17457,34
GE,250,17477,0
JG,154,17631,0
MR,343,17920,139
HD,182,18101,0
FN,202,18196,5
DW,187,18344,46
DZ,316,18356,0
EK,241,18404,98
EB,228,18458,64
EJ,193,18513,21
EY,211,18630,28
ME,272,18634,0
MQ,193,18978,0
FA,349,18994,0
FP,230,19023,100
EI,250,19124,0
LS,289,19208,50
HS,207,19563,0
IC,238,19634,112
ES,314,19992,77
HE,162,20233,10
KD,234,20572,0
EL,271,20880,0
GW,175,21044,0
GA,339,21327,100
KO,256,21677,15
FD,211,21881,74
EO,313,22129,15
IZ,200,22159,0
EM,273,22462,0
IN,164,22749,41
MA,350,23156,101
GH,300,23278,15
MH,289,23323,0
FH,334,23394,60
EC,216,23445,0
HY,303,23475,0
IM,235,23573,22
FR,336,23802,129
HT,238,24575,0
LR,277,24921,92
GB,246,25555,0
HF,235,25827,0
GO,200,26056,6
HB,331,26091,0
MD,250,27073,110
GM,326,27426,90
ER,347,27442,0
KG,291,27485,138
EU,315,27645,13
LW,193,27677,22
HL,248,27794,0
FS,318,27999,0
HC,273,28183,0
JC,198,28371,0
FE,166,28410,50
JR,254,28606,0
EX,269,28820,0
IY,325,28988,0
MV,296,29791,147
NL,170,30273,65
JN,244,30377,34
IQ,154,30412,5
IB,263,30652,27
GC,216,31074,86
KS,160,31088,0
HV,165,31482,51
FZ,180,31970,0
FT,225,32114,90
HR,330,32163,0
KF,336,32220,22
KI,263,32407,46
JD,279,32689,0
LY,176,32767,1
JL,195,33029,87
GQ,260,33167,56
IS,151,33613,0
IT,202,34123,0
GT,207,35375,66
FW,263,35453,19
GN,179,36591,4
JQ,307,36608,0
KX,203,36722,100
IU,259,36891,61
MJ,252,37181,0
NJ,329,37494,52
HM,346,37756,0
GP,185,37916,0
LE,309,37926,148
IH,195,37984,0
HZ,161,38402,49
GX,176,38565,0
HW,271,39010,0
NH,156,39084,63
NB,177,39898,0
IF,181,40131,0
JO,326,40254,0
MS,350,40360,40
IX,325,40401,0
KE,154,40649,18
LZ,186,40693,41
ID,200,40995,0
KW,282,41082,16
NS,299,41388,1
NQ,206,41408,97
HA,346,41506,37
LP,304,41711,63
HG,336,42505,0
LV,280,43499,98
MX,192,44043,0
JW,291,44377,9
IE,227,44572,92
NF,151,44972,0
MF,161,45272,12
HJ,296,45319,15
HN,343,46221,116
LF,268,46526,0
NP,215,47495,0
HX,257,47626,0
NT,239,47810,0
NO,346,48600,81
JA,292,48682,0
KR,265,48954,0
KN,245,49457,80
JI,350,50741,17
JS,335,50839,0
JX,177,51371,0
MK,178,52735,83
KP,331,52783,0
JY,236,53459,4
MN,350,53810,20
NI,340,54069,0
IV,348,54581,0
KB,258,55036,0
JB,241,56099,0
LO,194,56821,0
LN,234,57457,100
MI,195,57476,0
KC,165,57644,6
KU,205,58192,51
MB,281,58476,0
LB,260,58707,0
JZ,325,60003,0
LM,184,60623,0
KA,200,61213,79
MZ,245,61226,0
MG,211,61323,0
NA,205,61595,24
NC,231,61647,0
KZ,316,64703,0
LJ,223,65639,0
MU,229,67496,65
MT,210,68629,104
LU,186,68782,0
LT,226,68873,0
MC,284,70233,0
NR,281,78896,33
NM,175,79055,87
ND,295,79229,34
