310
AB,189,0,0
JS,228,24,0
AC,292,58,61
AD,219,77,82
AF,330,81,44
IX,195,123,73
BJ,225,162,0
BE,326,181,110
BT,213,224,0
CW,212,275,51
AE,304,339,0
AP,152,423,0
AZ,302,537,138
IH,209,542,0
AN,304,698,52
FB,248,710,0
AW,288,740,0
AL,323,757,104
EL,297,814,9
AI,284,837,0
CX,299,948,97
IN,302,987,78
CV,282,989,131
CA,187,1069,18
AG,333,1090,0
JA,266,1113,0
AJ,310,1284,117
CH,217,1310,18
BF,154,1379,0
AH,163,1489,34
EZ,188,1571,6
AR,334,1578,0
BK,229,1586,54
MC,236,1691,0
DU,272,1729,0
DW,257,1834,58
HZ,343,1928,39
BV,227,1931,32
BD,178,1959,79
BU,188,2120,78
AO,346,2163,131
AT,253,2290,0
CL,156,2297,0
AU,339,2358,79
AK,300,2383,0
JT,303,2386,1
BP,219,2481,0
AM,331,2547,69
AS,158,2623,58
AX,189,2763,11
JZ,320,2840,0
EB,310,2925,46
DN,341,2930,0
BI,179,2959,8
CD,194,2962,2
LJ,331,2962,79
AY,190,3075,94
BS,257,3089,69
CG,296,3260,0
BG,300,3295,0
FZ,312,3394,150
EA,236,3405,35
AQ,331,3451,146
CM,200,3452,0
BN,309,3548,77
DA,341,3581,160
HR,284,3589,0
BA,196,3595,0
DT,230,3609,0
JM,177,3673,0
BC,305,3756,0
HQ,201,3876,31
GO,264,4129,0
CR,249,4226,0
BO,155,4288,4
MI,155,4470,0
MD,233,4483,0
AV,186,4606,0
BR,334,4867,136
IQ,343,5076,0
FU,205,5097,67
LD,216,5199,47
BW,318,5297,51
FQ,297,5335,52
JE,334,5486,41
DG,199,5556,87
HO,339,5569,0
HM,221,5744,20
FG,299,5792,0
FM,263,6039,0
JL,306,6080,0
CB,335,6140,0
ET,252,6238,91
GX,336,6306,135
IJ,240,6711,60
BH,168,6724,7
LE,156,6783,0
MA,234,6833,0
HF,237,6949,0
DC,211,7145,77
IK,348,7574,17
LV,259,7608,0
LA,260,7659,0
CU,329,7734,0
CN,188,7840,3
HP,287,7958,0
DK,227,7970,0
BL,151,7997,0
DH,310,8118,0
CK,280,8186,79
BM,201,8191,62
BX,181,8264,2
DE,321,8447,0
EI,166,8757,0
BQ,319,8906,104
BZ,308,9004,0
CP,181,9219,0
CO,202,9605,0
KD,196,9754,63
IE,231,9784,0
EM,319,9919,44
IM,267,9921,0
EF,305,9990,0
EO,257,9995,9
GH,326,10204,0
ED,228,10323,0
DF,295,10325,0
CY,201,10355,0
KH,280,10500,0
HW,156,10579,57
CJ,232,10592,0
BY,315,10612,11
DM,191,10614,64
CF,154,10626,38
KN,348,10653,0
DI,334,10728,0
FN,252,10764,26
LG,227,10923,98
KI,211,11045,0
ER,234,11682,0
EY,214,11699,18
DZ,228,11705,91
EU,219,11706,54
FO,235,11727,0
GC,176,12105,0
JF,322,12142,93
CS,310,12167,17
DP,250,12375,97
FL,324,12415,98
ID,239,12776,45
CE,330,12779,163
KR,255,12867,126
IR,278,13091,18
CQ,255,13104,10
LP,306,13363,0
CI,212,13884,0
GB,307,13904,22
FC,185,14020,87
FE,276,14188,0
FD,299,14298,118
HK,243,14555,0
FP,305,14883,43
FK,226,15219,0
DB,210,15331,47
CZ,277,15524,0
DR,254,15820,44
JN,246,16078,0
ES,298,16081,0
EW,224,16190,72
DX,335,16279,0
FS,347,16366,163
DS,251,16392,92
KA,214,16525,86
CT,185,16614,52
DL,337,16958,0
JX,198,17027,8
DV,176,17283,0
GI,251,17415,40
EN,321,17785,0
DO,271,17815,0
JR,295,17835,0
KG,176,17987,27
DQ,229,18084,83
HN,272,18104,0
GN,161,18194,66
HD,215,18623,0
LI,214,18781,0
IG,287,18815,0
DJ,250,18869,111
FH,183,18973,52
IT,242,19045,52
JG,180,19187,71
HU,266,19482,0
LO,329,19572,0
GD,254,19645,47
KF,152,20271,0
GV,308,20495,121
IF,155,20554,0
EQ,158,20739,29
EJ,171,20837,0
EG,207,20904,0
DY,328,21451,87
JH,280,21508,0
EK,177,21997,0
HA,326,22034,0
IL,304,22222,105
GJ,151,22315,3
HX,218,22446,10
FA,180,22514,0
EX,184,22619,69
GA,216,22651,0
LT,323,22842,0
EC,206,22883,10
GS,282,23446,65
FJ,238,23676,80
GM,232,23881,96
JY,323,24410,0
EP,316,24498,0
FV,339,24858,0
MJ,251,25046,121
IZ,280,25568,55
EH,189,26236,66
GL,181,26826,0
HG,162,27316,5
EV,245,27501,0
IS,216,28582,0
FI,213,28804,44
IP,159,29112,0
HI,334,29263,7
MH,155,30330,60
FY,320,30534,77
FR,318,30600,156
LN,279,30652,126
GQ,292,30729,0
LW,286,30911,126
FW,155,30919,0
GK,207,31179,2
FT,183,31340,13
JC,180,31359,26
GP,209,31432,0
JW,302,31866,0
GY,258,31979,72
GR,242,32046,107
HT,288,32211,49
GW,170,32549,33
MF,174,33429,0
KV,168,33696,40
FX,202,34362,61
HE,243,35106,0
IU,244,35117,69
IA,225,35128,65
JI,181,35560,0
GE,315,35599,13
IO,177,35814,88
HS,343,35955,0
LY,254,35968,22
HC,154,36473,0
GZ,284,37034,31
HY,283,37342,34
GF,246,37576,59
KQ,166,37714,0
JP,304,38177,0
JK,299,38351,0
KB,346,38632,161
KE,275,38896,0
KC,203,40196,38
GU,204,40528,0
GT,188,40869,45
LS,348,42401,0
HB,318,42842,4
HL,158,42917,25
JU,265,43019,17
LK,212,43374,0
JO,153,43730,0
IB,183,43770,0
HJ,213,44952,98
KP,213,45024,13
JB,177,46326,51
IY,209,46333,100
IW,347,46378,105
KU,213,46838,27
KJ,205,47090,0
JQ,264,47117,0
HV,194,47520,3
IV,327,47520,77
LF,200,48481,93
IC,191,49183,0
KM,290,50804,132
KS,233,50868,0
KW,330,51152,0
KY,235,51371,0
LZ,334,51933,0
JD,185,51962,39
JV,286,53533,46
MB,286,53936,0
KL,167,55312,0
LX,284,56419,0
LC,164,56621,47
LM,198,57990,0
LR,262,58466,130
KT,300,58666,0
LB,270,59987,0
LU,180,60562,76
MG,325,60803,116
KO,251,61106,0
LH,158,61789,15
KZ,222,64050,0
ME,317,65382,18
KX,226,67442,0
LQ,333,71671,0
