314
AB,340,0,111
KQ,189,61,46
AJ,310,158,52
AP,346,205,160
BU,178,212,40
AS,207,216,86
AC,157,241,0
CP,175,321,0
AD,307,406,21
AF,190,517,0
DU,292,558,143
DL,156,619,0
MJ,339,629,0
DM,294,678,0
IX,290,705,111
GL,219,739,97
AE,326,771,127
CF,230,795,0
AI,335,798,0
AZ,273,806,48
CA,190,826,18
AN,313,868,0
BF,269,902,17
AL,243,909,64
CM,187,1063,0
AG,255,1141,66
BD,337,1141,52
BM,195,1171,0
DQ,223,1236,2
AK,336,1266,0
AH,239,1429,0
GQ,303,1460,47
GN,274,1497,0
HU,181,1527,14
DX,190,1826,30
AV,337,1844,34
CQ,300,1901,0
AQ,299,1903,91
GJ,303,1968,0
AO,325,2210,0
AM,223,2334,0
DF,206,2495,81
CE,216,2564,65
AU,319,2640,0
BZ,316,2665,0
AR,253,2929,0
BX,152,2940,0
KD,181,2995,81
IA,189,3022,0
BG,199,3104,68
AT,193,3180,39
BN,330,3278,122
GV,188,3287,22
BL,287,3467,80
KS,333,3690,0
BA,185,3707,0
DK,151,3792,0
EQ,197,4044,0
EN,213,4178,73
BP,229,4289,3
AX,262,4507,0
CD,187,4563,2
GC,323,4655,0
EC,278,4673,33
AW,231,4700,0
FH,225,4764,0
JK,167,4850,0
GF,265,4940,133
BK,198,5145,83
BJ,226,5254,0
JH,230,5333,105
BQ,165,5387,75
FQ,298,5415,0
GK,159,5459,46
DZ,185,5503,0
CH,225,5508,0
IR,239,5575,0
BS,171,5586,0
GO,292,5625,25
KF,199,5651,0
BV,261,5750,11
AY,317,5851,0
BI,157,5880,0
FM,251,5883,124
EV,323,5930,8
LE,155,5936,53
BW,253,6053,0
CO,319,6144,57
CN,190,6278,36
BO,308,6470,0
EB,225,6524,54
CG,201,6610,18
MK,187,6618,69
MG,181,6741,15
FR,296,6813,77
EG,228,6870,0
BY,156,6939,45
CX,214,6982,0
BC,273,7007,0
JE,323,7090,23
EJ,285,7508,8
BE,345,7723,29
IL,259,7844,0
BT,191,7950,0
BR,295,7989,57
BH,176,8064,0
LO,319,8263,0
CY,295,8265,0
CK,155,8648,71
CZ,276,8688,0
FL,335,8746,0
HY,184,8750,0
HE,197,8766,27
IU,307,9225,143
CR,156,9241,56
GR,212,9342,26
IW,253,9422,88
GT,251,9595,0
DY,290,9990,0
DT,156,10061,0
DO,321,10064,104
CI,293,10082,0
CB,155,10514,21
KP,234,10744,10
JV,173,11006,3
CS,317,11191,0
EK,261,11287,19
FW,158,11356,0
JI,168,11575,0
EI,264,11593,61
CT,311,11761,30
CJ,186,11832,0
LA,159,11934,0
MH,316,12164,36
EA,243,12820,0
HG,301,13166,37
CL,324,13491,83
EX,165,13876,0
FO,338,13891,0
HC,249,14006,121
DI,259,14037,4
GI,301,14518,0
HJ,254,14525,66
HB,244,14529,119
DB,180,14659,8
DE,221,14792,5
KC,266,14879,0
IF,226,14946,89
DH,241,14998,0
DC,174,15272,45
CU,314,15407,35
JN,323,15433,80
MD,186,15525,28
GE,155,15983,42
DR,200,16074,0
CW,267,16215,0
IK,322,16238,141
EU,284,16434,16
HL,151,16459,0
FV,156,16473,0
DA,252,16475,0
ED,212,16613,0
DG,327,16879,0
GM,274,17001,133
CV,153,17068,0
IM,151,17101,64
HZ,169,17133,38
KV,175,17402,0
GP,273,17543,75
KJ,170,17700,12
FI,263,17905,121
FD,212,18000,25
LD,237,18090,72
JQ,337,18548,49
DS,167,18786,0
HF,336,19141,0
DV,183,19207,3
FN,339,19316,0
DN,329,19519,15
EH,315,19880,84
DJ,321,19957,144
DP,236,20397,38
KR,237,20461,64
JF,208,20768,0
ET,189,20796,0
EW,164,20808,18
FE,320,20966,121
EM,270,20971,65
FB,325,21062,87
ES,152,21538,0
FS,231,21568,0
GU,156,21679,52
JP,179,21904,69
HT,229,22181,107
ER,210,22225,85
GY,348,22254,0
JA,299,22260,0
EO,183,22613,0
FA,318,22652,122
IS,172,22737,55
HW,254,23044,10
KA,224,23156,0
DW,332,23310,108
FK,281,23583,0
KH,315,24082,0
HM,154,24284,44
EP,197,24696,0
EY,157,24731,14
FY,293,24786,21
IH,339,24913,0
EF,237,25118,61
JD,322,25250,0
FX,206,25337,0
HQ,291,25524,82
FZ,167,25697,0
IQ,157,25944,0
EL,198,25964,0
IJ,209,26000,53
LB,285,26221,0
EZ,156,26525,75
GW,248,26626,0
JX,335,27025,134
JO,268,27240,0
GD,328,28008,149
HX,194,28010,61
FJ,191,28128,0
HR,314,28442,138
HA,283,28534,0
FP,344,28561,0
KE,227,28700,4
KG,270,29069,49
IB,153,29228,46
FC,198,29286,0
FT,332,29456,164
HP,313,29718,44
ID,343,29828,134
KN,194,29987,0
KU,290,30117,0
FG,202,30283,94
IG,219,30378,107
LR,285,30402,0
IY,273,30774,0
GA,275,30899,0
KT,223,31105,88
KL,192,31512,62
GS,210,31687,0
GH,302,32072,0
HS,156,32203,0
JL,248,32354,30
FU,200,32493,0
LN,192,32591,0
HV,267,33607,0
KB,212,33875,0
JS,150,34037,0
LJ,303,34283,113
HN,317,34720,3
JZ,307,34846,98
GX,181,34939,65
LT,329,35040,0
KM,295,35120,0
HD,323,35216,73
MF,246,35251,0
JM,256,35685,45
KX,199,35949,0
GB,212,36164,0
IZ,200,36447,0
HK,226,36766,0
IC,274,37592,102
LG,292,37813,0
KI,210,37873,34
HI,248,38329,0
HO,167,39033,0
ME,326,39860,142
KO,164,40255,0
IP,214,40602,104
LI,289,40869,0
JB,188,40979,72
IV,181,41302,0
IO,334,42062,15
ML,211,42215,82
LP,296,42279,107
GZ,330,42645,0
JC,248,43353,0
LQ,330,45123,0
JG,199,45170,68
IE,170,45270,0
LU,305,45462,0
JY,246,45972,0
LM,335,47147,149
MA,269,47510,134
LC,176,48690,0
MI,319,49171,32
LS,233,49173,0
LH,303,50407,0
IN,277,50704,124
LK,222,50994,0
KY,180,51365,0
IT,237,52118,0
LV,269,52650,0
MC,318,53485,90
JT,169,54277,0
KZ,287,54894,0
JU,241,55555,0
JR,279,57273,3
JW,320,58629,109
LZ,327,59546,0
KW,293,60140,0
LF,159,66690,25
LY,255,67180,99
MB,158,67869,77
LX,268,67939,94
MO,328,69848,0
LW,175,71290,0
MN,271,72460,0
