341
AB,236,0,5
AP,213,23,100
IF,203,37,0
AC,232,79,28
JR,163,136,23
BP,285,145,36
AJ,317,199,150
AD,307,210,0
LX,251,294,7
BK,293,325,0
AH,278,371,71
JO,338,556,0
GB,212,573,22
FD,247,671,56
AE,152,700,0
BF,191,707,0
BC,166,714,46
IC,227,793,0
AO,169,815,63
AF,301,883,0
AG,279,910,0
NH,341,974,119
BN,245,982,0
BE,185,991,0
GX,342,1051,0
HB,186,1073,0
BV,344,1114,132
FV,210,1126,0
AI,328,1157,138
AM,160,1189,55
AL,265,1201,0
LH,347,1209,88
CH,347,1229,154
AV,175,1347,0
CJ,293,1390,0
AS,227,1496,0
AR,347,1543,0
BG,320,1609,140
DN,218,1670,81
CS,282,2062,69
BU,187,2080,0
CE,341,2086,158
AK,180,2116,23
DS,160,2302,14
BL,201,2414,18
IG,191,2455,94
EU,330,2534,44
JU,172,2649,0
IB,206,2745,0
GL,313,2770,0
AN,178,2813,0
ED,191,2987,63
BR,204,3091,62
EF,181,3135,0
DU,350,3142,53
FN,307,3281,21
BD,271,3287,0
AQ,340,3304,0
HU,244,3336,0
BJ,299,3385,0
AZ,177,3429,5
BS,272,3508,0
BA,221,3574,9
AU,332,3642,0
DW,152,3651,36
BY,242,3692,53
BQ,231,3992,103
AT,237,4041,0
AX,262,4064,111
DI,214,4077,105
KX,162,4112,50
NM,309,4257,63
AY,155,4302,70
KV,271,4434,41
HM,272,4440,85
CL,244,4544,36
CY,346,4563,49
BH,245,4565,62
DQ,180,4578,0
KB,284,4697,36
NE,160,4768,25
AW,183,4957,0
FW,304,5049,0
LO,261,5167,75
JN,175,5380,0
CQ,270,5522,0
FI,190,5522,0
FS,209,6047,0
DK,167,6190,64
CV,294,6267,79
BT,194,6354,0
BM,341,6401,0
CA,232,6465,0
BI,167,6471,0
HO,152,6638,0
FX,347,6652,46
CF,280,6660,0
ET,305,6732,37
EV,253,6787,0
CI,157,6837,0
BZ,165,7075,0
EI,194,7220,14
DY,209,7223,71
EG,254,7240,0
EL,204,7608,0
DZ,240,7745,0
EJ,150,7824,56
CR,327,8022,137
FY,286,8135,142
LR,254,8231,107
FG,261,8353,59
CO,270,8379,99
HE,268,8546,14
BO,178,8594,75
JS,158,8747,47
NB,341,8768,0
GE,250,8844,0
GM,246,8906,0
BW,168,9275,0
FP,225,9282,36
CT,219,9468,0
HF,212,9537,0
DB,180,9550,0
KR,188,9626,43
KN,268,9746,0
CG,211,9813,64
CN,287,9917,79
CD,265,9935,0
IE,256,9938,66
IX,268,10043,0
BX,213,10271,81
FM,331,10404,0
KO,159,10414,0
JL,236,10432,76
CK,347,10508,0
ER,237,10553,0
CU,230,10622,0
JB,212,10646,85
CM,268,10652,78
CW,199,10977,36
CB,199,11004,51
DC,202,11055,0
MU,154,11327,0
GJ,266,11478,0
FT,296,11530,141
EW,230,11575,36
DR,181,11840,0
CZ,325,11845,53
FH,218,12012,62
MS,241,12062,23
EO,342,12457,0
EB,193,12559,0
HZ,186,12866,0
DJ,290,12880,0
EM,170,13386,57
GS,159,13558,0
DM,295,13778,0
KM,233,13798,0
CX,217,13888,0
NP,159,13968,0
DX,222,14083,0
CP,343,14273,0
DP,271,14325,81
IW,350,14349,0
FE,335,14592,23
FL,344,14980,0
FQ,197,15013,40
DG,295,15043,38
KP,300,15429,0
JG,228,15445,113
GH,183,15854,74
DF,250,15870,120
JK,223,15940,0
IQ,349,16075,0
EQ,322,16106,135
GK,332,16267,0
DE,315,16284,63
GQ,342,16477,43
HC,262,16575,103
ES,277,16631,114
FO,284,16721,39
MF,175,17023,22
DA,268,17043,0
DT,290,17538,33
NI,171,17574,0
NK,301,17795,127
GC,346,17847,0
NQ,226,17946,105
DL,266,18043,131
EA,155,18143,29
GI,350,18302,63
LE,160,18394,0
KF,326,18592,0
FC,249,18732,47
MV,191,19111,21
HK,303,19264,132
LK,204,19373,88
DO,275,19505,0
JA,234,19600,0
EK,298,19651,115
EY,247,19675,123
IU,301,19683,28
HA,316,19790,63
DH,215,19856,0
EH,267,19975,0
EC,288,20194,0
HN,199,20338,0
ML,169,20390,0
FJ,299,21135,0
IO,320,21399,0
MI,336,21483,25
LC,350,21519,107
DV,160,21636,0
JV,229,21636,0
EZ,156,22494,0
FA,315,22858,0
FB,265,23365,0
EX,213,23426,30
LG,334,23660,10
GT,303,24084,30
LB,295,24112,0
FZ,344,24178,0
EN,188,24220,79
JF,235,24273,0
GV,226,24485,0
HG,225,24512,0
HX,189,24767,85
MT,249,24811,93
NA,192,24922,76
FK,159,24998,7
EP,288,25069,53
KW,250,25098,9
IA,307,25158,101
GO,343,25887,135
JH,275,25974,0
IZ,340,26204,146
MC,289,26248,0
HS,264,26438,118
IT,335,26523,0
JD,261,26602,40
GU,304,27027,97
ID,199,27418,0
FU,270,27739,0
MA,277,27972,30
JP,288,28084,24
JI,253,28187,0
HJ,317,28402,0
IR,155,28434,35
HY,332,28826,37
LW,160,29071,31
GN,223,30197,87
LS,268,30270,58
KC,166,30299,21
HI,239,30480,114
HD,269,30487,53
IJ,206,30690,0
GF,162,30740,0
JE,256,31009,0
HL,291,31267,0
MN,150,31398,0
GW,230,31930,0
HV,262,31949,132
ME,234,32190,3
IK,322,32340,0
GR,278,32750,0
GD,278,33063,0
LU,208,33310,34
IS,234,33347,64
HQ,156,33391,0
GP,269,34056,104
FR,192,34112,0
HR,311,34150,7
LT,265,34694,10
GA,189,34973,0
MO,349,35396,0
IY,328,35534,106
LY,169,35865,3
IV,187,36373,0
IN,216,37817,81
MJ,345,37850,139
JW,159,38198,0
MG,318,38314,107
GZ,265,38694,0
KA,218,38887,79
KU,181,39655,0
KE,277,39746,0
LZ,278,40134,0
JX,160,40262,0
HT,238,40748,37
GY,261,41841,0
KS,326,41936,0
KZ,251,42412,18
JQ,328,42465,0
LQ,222,43595,0
HW,159,43667,0
IL,170,43870,44
IP,320,44692,153
JT,323,44935,147
KH,191,45541,58
MX,272,46056,0
KJ,317,46245,108
HP,340,46602,16
IM,307,47705,121
ND,232,48348,0
NG,320,48829,107
LI,307,48892,1
JC,166,50788,8
KD,314,50860,0
MB,210,50990,23
MY,237,51023,14
IH,273,51577,0
JY,199,51743,0
KL,210,52052,86
MZ,281,52751,0
JZ,250,54014,14
LA,233,55358,97
KG,250,55846,86
MH,191,55895,0
JM,246,55915,0
MD,325,56295,0
KQ,177,58840,0
MP,179,59151,16
LP,287,59826,0
KI,241,62370,38
MR,181,63077,11
KT,333,63123,105
LJ,176,63281,0
LD,173,63818,19
NC,318,64798,100
LF,281,64927,52
KY,197,65223,85
LM,318,66188,136
NJ,302,68224,0
LN,250,69302,0
LV,151,69565,0
MQ,278,70070,131
MW,283,70098,0
NO,229,70396,38
MK,327,71916,0
NL,291,72299,31
NF,150,74834,3
